startbin	endbin
1	5
6	27
28	30
31	44
45	87
88	102
103	120
121	155
156	176
177	196
197	215
216	235
236	282
283	301
302	322
323	354
355	379
380	383
384	395
396	419
420	428
429	438
439	475
476	520
521	535
536	581
582	626
627	663
664	683
684	711
712	724
725	729
730	761
762	791
792	799
800	847
848	871
872	890
891	918
919	926
927	942
943	945
946	962
963	969
970	993
994	1023
1024	1032
1033	1078
1079	1105
1106	1137
1138	1181
1182	1224
1225	1270
1271	1280
1281	1296
1297	1301
1302	1338
1339	1363
1364	1402
1403	1451
1452	1471
1472	1501
1502	1519
1520	1534
1535	1537
1538	1554
1555	1598
1599	1627
1628	1644
1645	1659
1660	1702
1703	1722
1723	1770
1771	1776
1777	1820
1821	1823
1824	1829
1830	1876
1877	1894
1895	1925
1926	1964
1965	1976
1977	2005
2006	2048
2049	2062
2063	2089
2090	2123
2124	2159
2160	2193
2194	2210
2211	2214
2215	2245
2246	2277
2278	2305
2306	2342
2343	2386
2387	2418
2419	2428
2429	2459
2460	2471
2472	2495
2496	2516
2517	2552
2553	2578
2579	2599
2600	2624
2625	2671
2672	2709
2710	2749
2750	2781
2782	2795
2796	2820
2821	2856
2857	2896
2897	2901
2902	2914
2915	2934
2935	2952
2953	2959
2960	2992
2993	3001
3002	3007
3008	3011
3012	3014
3015	3045
3046	3049
3050	3084
3085	3110
3111	3151
3152	3191
3192	3204
3205	3253
3254	3277
3278	3296
3297	3316
3317	3326
3327	3351
3352	3357
3358	3398
3399	3419
3420	3441
3442	3466
3467	3497
3498	3535
3536	3562
3563	3565
3566	3596
3597	3621
3622	3648
3649	3696
3697	3702
3703	3737
3738	3772
3773	3817
3818	3857
3858	3861
3862	3904
3905	3911
3912	3936
3937	3971
3972	4007
4008	4042
4043	4054
4055	4082
4083	4131
4132	4157
4158	4189
4190	4221
4222	4263
4264	4281
4282	4327
