startbin	endbin
1	44
45	69
70	93
94	123
124	163
164	167
168	211
212	217
218	224
225	246
247	277
278	286
287	296
297	319
320	350
351	355
356	371
372	417
418	449
450	478
479	482
483	505
506	532
533	568
569	577
578	608
609	627
628	636
637	676
677	722
723	726
727	743
744	753
754	780
781	812
813	860
861	886
887	899
900	945
946	962
963	998
999	1046
1047	1064
1065	1075
1076	1091
1092	1132
1133	1176
1177	1190
1191	1222
1223	1255
1256	1274
1275	1312
1313	1347
1348	1386
1387	1409
1410	1437
1438	1445
1446	1468
1469	1486
1487	1526
1527	1561
1562	1576
1577	1591
1592	1617
1618	1649
1650	1654
1655	1687
1688	1734
1735	1742
1743	1749
1750	1767
1768	1790
1791	1813
1814	1853
1854	1893
1894	1939
1940	1981
1982	2021
2022	2059
2060	2068
2069	2111
2112	2138
2139	2162
2163	2191
2192	2205
2206	2226
2227	2235
2236	2280
2281	2306
2307	2349
2350	2367
2368	2376
2377	2402
2403	2431
2432	2472
2473	2490
2491	2533
2534	2563
2564	2581
2582	2591
2592	2625
2626	2671
2672	2683
2684	2704
2705	2748
2749	2769
2770	2803
2804	2836
2837	2870
2871	2875
2876	2899
2900	2914
2915	2950
2951	2954
2955	2993
2994	2999
3000	3030
3031	3034
3035	3039
3040	3075
3076	3079
3080	3120
3121	3146
3147	3169
3170	3214
3215	3220
3221	3248
3249	3295
3296	3298
3299	3333
3334	3343
3344	3361
3362	3376
3377	3415
3416	3419
3420	3437
3438	3441
3442	3481
3482	3528
3529	3563
3564	3609
3610	3646
3647	3692
3693	3701
3702	3727
3728	3762
3763	3798
3799	3812
3813	3859
3860	3878
3879	3892
3893	3941
3942	3965
3966	3998
3999	4018
4019	4035
4036	4044
4045	4076
4077	4123
4124	4169
4170	4213
4214	4222
4223	4247
4248	4250
4251	4284
4285	4326
4327	4345
4346	4371
4372	4375
4376	4422
4423	4451
