startbin	endbin
1	24
25	30
31	33
34	78
79	127
128	133
134	149
150	196
197	207
208	221
222	243
244	277
278	297
298	339
340	354
355	360
361	367
368	389
390	429
430	461
462	481
482	525
526	550
551	591
592	610
611	653
654	682
683	688
689	735
736	738
739	756
757	767
768	790
791	823
824	847
848	878
879	926
927	960
961	979
980	989
990	1005
1006	1027
1028	1061
1062	1084
1085	1114
1115	1145
1146	1164
1165	1189
1190	1200
1201	1205
1206	1232
1233	1247
1248	1263
1264	1311
1312	1319
1320	1360
1361	1387
1388	1417
1418	1426
1427	1447
1448	1484
1485	1517
1518	1542
1543	1548
1549	1567
1568	1600
1601	1614
1615	1642
1643	1647
1648	1693
1694	1714
1715	1731
1732	1775
1776	1780
1781	1799
1800	1828
1829	1858
1859	1887
1888	1920
1921	1947
1948	1987
1988	1995
1996	2010
2011	2058
2059	2077
2078	2116
2117	2150
2151	2183
2184	2219
2220	2252
2253	2282
2283	2309
2310	2337
2338	2347
2348	2376
2377	2398
2399	2424
2425	2461
2462	2465
2466	2501
2502	2518
2519	2525
2526	2554
2555	2586
2587	2603
2604	2648
2649	2684
2685	2733
2734	2751
2752	2769
2770	2780
2781	2814
2815	2824
2825	2827
2828	2841
2842	2854
2855	2880
2881	2883
2884	2922
2923	2969
2970	3001
3002	3009
3010	3052
3053	3058
3059	3085
3086	3108
3109	3116
3117	3145
3146	3175
3176	3215
3216	3221
3222	3235
3236	3265
3266	3271
3272	3276
3277	3285
3286	3304
3305	3352
3353	3392
3393	3437
3438	3462
3463	3486
3487	3507
3508	3523
3524	3557
3558	3574
3575	3612
3613	3626
3627	3659
3660	3699
3700	3741
3742	3759
3760	3795
3796	3809
3810	3834
3835	3875
3876	3909
3910	3945
3946	3981
3982	4014
4015	4042
4043	4086
4087	4104
4105	4119
4120	4139
4140	4186
4187	4195
4196	4235
4236	4283
4284	4313
4314	4360
