startbin	endbin
1	44
45	61
62	81
82	92
93	118
119	127
128	166
167	188
189	208
209	221
222	267
268	284
285	303
304	341
342	350
351	371
372	392
393	412
413	417
418	436
437	453
454	471
472	499
500	505
506	543
544	548
549	563
564	579
580	583
584	615
616	653
654	671
672	695
696	740
741	776
777	791
792	812
813	842
843	876
877	914
915	958
959	967
968	1009
1010	1034
1035	1069
1070	1101
1102	1148
1149	1193
1194	1231
1232	1268
1269	1281
1282	1308
1309	1335
1336	1361
1362	1407
1408	1426
1427	1450
1451	1461
1462	1507
1508	1526
1527	1554
1555	1576
1577	1602
1603	1634
1635	1649
1650	1677
1678	1726
1727	1771
1772	1776
1777	1790
1791	1821
1822	1834
1835	1882
1883	1928
1929	1932
1933	1950
1951	1996
1997	2033
2034	2078
2079	2106
2107	2121
2122	2163
2164	2190
2191	2198
2199	2213
2214	2233
2234	2254
2255	2258
2259	2265
2266	2313
2314	2358
2359	2397
2398	2402
2403	2439
2440	2469
2470	2494
2495	2525
2526	2558
2559	2573
2574	2612
2613	2625
2626	2665
2666	2705
2706	2741
2742	2750
2751	2792
2793	2823
2824	2868
2869	2889
2890	2921
2922	2965
2966	3014
3015	3049
3050	3057
3058	3105
3106	3145
3146	3192
3193	3226
3227	3270
3271	3316
3317	3338
3339	3379
3380	3417
3418	3456
3457	3473
3474	3479
3480	3495
3496	3498
3499	3545
3546	3552
3553	3579
3580	3627
3628	3668
3669	3704
3705	3708
3709	3726
3727	3755
3756	3779
3780	3782
3783	3792
3793	3827
3828	3859
3860	3894
3895	3917
3918	3937
3938	3970
3971	3980
3981	4011
4012	4032
4033	4042
4043	4050
4051	4067
4068	4084
4085	4089
4090	4123
4124	4157
4158	4172
4173	4197
4198	4208
4209	4232
4233	4250
4251	4298
4299	4331
4332	4348
4349	4397
4398	4438
4439	4442
4443	4448
4449	4456
4457	4488
4489	4532
