startbin	endbin
1	10
11	37
38	52
53	76
77	94
95	109
110	139
140	156
157	195
196	214
215	253
254	285
286	324
325	359
360	400
401	436
437	446
447	482
483	511
512	515
516	564
565	607
608	653
654	659
660	694
695	736
737	759
760	769
770	813
814	847
848	893
894	926
927	971
972	977
978	1007
1008	1019
1020	1027
1028	1071
1072	1082
1083	1120
1121	1149
1150	1174
1175	1205
1206	1227
1228	1232
1233	1244
1245	1265
1266	1275
1276	1278
1279	1316
1317	1328
1329	1336
1337	1352
1353	1393
1394	1440
1441	1467
1468	1476
1477	1512
1513	1558
1559	1582
1583	1628
1629	1644
1645	1647
1648	1659
1660	1669
1670	1713
1714	1734
1735	1752
1753	1773
1774	1804
1805	1829
1830	1860
1861	1885
1886	1912
1913	1951
1952	1988
1989	2007
2008	2051
2052	2054
2055	2080
2081	2123
2124	2144
2145	2180
2181	2199
2200	2220
2221	2255
2256	2280
2281	2304
2305	2324
2325	2329
2330	2345
2346	2356
2357	2385
2386	2405
2406	2444
2445	2449
2450	2492
2493	2516
2517	2526
2527	2547
2548	2585
2586	2633
2634	2677
2678	2719
2720	2746
2747	2749
2750	2783
2784	2808
2809	2811
2812	2838
2839	2860
2861	2908
2909	2935
2936	2972
2973	3007
3008	3046
3047	3073
3074	3101
3102	3109
3110	3142
3143	3181
3182	3219
3220	3236
3237	3252
3253	3275
3276	3312
3313	3345
3346	3363
3364	3370
3371	3385
3386	3424
3425	3442
3443	3473
3474	3514
3515	3534
3535	3578
3579	3601
3602	3614
3615	3654
3655	3682
3683	3698
3699	3734
3735	3749
3750	3798
3799	3812
3813	3838
3839	3878
3879	3902
3903	3950
3951	3967
3968	4002
4003	4034
4035	4059
4060	4077
4078	4090
4091	4100
4101	4105
4106	4151
4152	4154
4155	4182
4183	4196
4197	4231
4232	4245
4246	4268
4269	4289
4290	4324
4325	4367
4368	4414
4415	4422
4423	4429
4430	4463
