startbin	endbin
1	13
14	46
47	69
70	106
107	133
134	152
153	196
197	206
207	237
238	282
283	298
299	306
307	315
316	328
329	331
332	368
369	406
407	414
415	433
434	446
447	456
457	501
502	529
530	577
578	582
583	614
615	639
640	656
657	670
671	684
685	701
702	750
751	767
768	776
777	780
781	798
799	840
841	881
882	917
918	946
947	965
966	1014
1015	1039
1040	1075
1076	1113
1114	1127
1128	1156
1157	1180
1181	1222
1223	1232
1233	1281
1282	1325
1326	1365
1366	1376
1377	1394
1395	1422
1423	1449
1450	1486
1487	1497
1498	1522
1523	1557
1558	1595
1596	1626
1627	1665
1666	1682
1683	1705
1706	1740
1741	1747
1748	1758
1759	1788
1789	1799
1800	1845
1846	1857
1858	1876
1877	1884
1885	1915
1916	1922
1923	1964
1965	1999
2000	2016
2017	2023
2024	2067
2068	2108
2109	2129
2130	2161
2162	2201
2202	2217
2218	2241
2242	2285
2286	2328
2329	2371
2372	2374
2375	2407
2408	2422
2423	2434
2435	2452
2453	2461
2462	2510
2511	2551
2552	2588
2589	2623
2624	2640
2641	2663
2664	2669
2670	2676
2677	2704
2705	2745
2746	2790
2791	2793
2794	2828
2829	2877
2878	2896
2897	2913
2914	2957
2958	2966
2967	3004
3005	3041
3042	3044
3045	3055
3056	3092
3093	3105
3106	3131
3132	3170
3171	3195
3196	3236
3237	3282
3283	3325
3326	3331
3332	3352
3353	3361
3362	3392
3393	3424
3425	3468
3469	3479
3480	3519
3520	3528
3529	3561
3562	3573
3574	3596
3597	3621
3622	3648
3649	3697
3698	3712
3713	3759
3760	3792
3793	3835
3836	3874
3875	3905
3906	3940
3941	3968
3969	3995
3996	4026
4027	4074
4075	4101
4102	4119
4120	4141
4142	4181
4182	4220
4221	4225
4226	4228
4229	4256
4257	4280
4281	4289
4290	4317
4318	4326
4327	4359
4360	4363
4364	4403
4404	4427
4428	4438
4439	4469
1	13
14	69
70	106
107	133
134	152
153	196
197	206
207	237
238	282
283	298
299	315
316	331
332	406
407	414
415	446
447	501
502	529
530	577
578	582
583	614
615	639
640	670
671	684
685	701
702	750
751	767
768	776
777	780
781	798
799	840
841	881
882	917
918	946
947	965
966	1014
1015	1075
1076	1113
1114	1156
1157	1180
1181	1232
1233	1281
1282	1325
1326	1365
1366	1376
1377	1394
1395	1422
1423	1486
1487	1497
1498	1522
1523	1557
1558	1626
1627	1665
1666	1682
1683	1705
1706	1740
1741	1747
1748	1788
1789	1799
1800	1845
1846	1857
1858	1884
1885	1915
1916	1922
1923	1964
1965	1999
2000	2016
2017	2023
2024	2067
2068	2108
2109	2129
2130	2161
2162	2201
2202	2217
2218	2285
2286	2328
2329	2371
2372	2407
2408	2422
2423	2452
2453	2461
2462	2510
2511	2551
2552	2623
2624	2663
2664	2676
2677	2704
2705	2745
2746	2790
2791	2793
2794	2828
2829	2877
2878	2896
2897	2913
2914	2957
2958	2966
2967	3004
3005	3044
3045	3055
3056	3092
3093	3105
3106	3170
3171	3236
3237	3282
3283	3325
3326	3331
3332	3361
3362	3392
3393	3424
3425	3468
3469	3519
3520	3528
3529	3573
3574	3596
3597	3621
3622	3648
3649	3697
3698	3712
3713	3759
3760	3792
3793	3835
3836	3874
3875	3905
3906	3940
3941	3968
3969	3995
3996	4026
4027	4074
4075	4101
4102	4119
4120	4141
4142	4181
4182	4225
4226	4228
4229	4280
4281	4317
4318	4326
4327	4363
4364	4403
4404	4438
4439	4469
1	13
14	69
70	106
107	133
134	152
153	206
207	237
238	282
283	331
332	406
407	414
415	446
447	501
502	529
530	577
578	582
583	639
640	670
671	684
685	750
751	776
777	780
781	798
799	840
841	881
882	946
947	965
966	1014
1015	1075
1076	1113
1114	1156
1157	1180
1181	1232
1233	1281
1282	1325
1326	1365
1366	1376
1377	1394
1395	1422
1423	1486
1487	1497
1498	1522
1523	1557
1558	1626
1627	1665
1666	1682
1683	1705
1706	1740
1741	1747
1748	1799
1800	1845
1846	1857
1858	1884
1885	1922
1923	1964
1965	1999
2000	2016
2017	2023
2024	2067
2068	2129
2130	2161
2162	2201
2202	2217
2218	2285
2286	2328
2329	2371
2372	2422
2423	2452
2453	2461
2462	2510
2511	2551
2552	2623
2624	2663
2664	2704
2705	2745
2746	2790
2791	2793
2794	2828
2829	2896
2897	2957
2958	2966
2967	3004
3005	3044
3045	3055
3056	3092
3093	3105
3106	3170
3171	3236
3237	3282
3283	3325
3326	3331
3332	3361
3362	3392
3393	3424
3425	3468
3469	3519
3520	3528
3529	3573
3574	3596
3597	3621
3622	3648
3649	3697
3698	3712
3713	3759
3760	3792
3793	3835
3836	3874
3875	3905
3906	3968
3969	3995
3996	4026
4027	4074
4075	4101
4102	4141
4142	4181
4182	4225
4226	4280
4281	4326
4327	4363
4364	4403
4404	4469
