startbin	endbin
1	8
9	25
26	32
33	53
54	67
68	76
77	83
84	103
104	115
116	161
162	187
188	234
235	247
248	276
277	323
324	343
344	389
390	426
427	458
459	497
498	533
534	545
546	562
563	598
599	634
635	637
638	654
655	691
692	714
715	729
730	760
761	807
808	826
827	874
875	883
884	930
931	971
972	998
999	1017
1018	1021
1022	1024
1025	1070
1071	1102
1103	1141
1142	1153
1154	1188
1189	1220
1221	1252
1253	1269
1270	1312
1313	1335
1336	1363
1364	1376
1377	1424
1425	1469
1470	1503
1504	1531
1532	1564
1565	1593
1594	1616
1617	1627
1628	1646
1647	1670
1671	1696
1697	1726
1727	1773
1774	1798
1799	1846
1847	1895
1896	1936
1937	1939
1940	1967
1968	1997
1998	2014
2015	2040
2041	2079
2080	2122
2123	2140
2141	2147
2148	2179
2180	2186
2187	2229
2230	2237
2238	2251
2252	2271
2272	2295
2296	2343
2344	2349
2350	2398
2399	2425
2426	2443
2444	2487
2488	2509
2510	2527
2528	2532
2533	2565
2566	2589
2590	2594
2595	2624
2625	2672
2673	2687
2688	2706
2707	2715
2716	2748
2749	2770
2771	2800
2801	2828
2829	2862
2863	2883
2884	2896
2897	2945
2946	2978
2979	3017
3018	3063
3064	3079
3080	3082
3083	3119
3120	3131
3132	3160
3161	3164
3165	3175
3176	3207
3208	3245
3246	3276
3277	3324
3325	3338
3339	3363
3364	3397
3398	3443
3444	3446
3447	3480
3481	3500
3501	3530
3531	3574
3575	3610
3611	3614
3615	3638
3639	3660
3661	3678
3679	3694
3695	3725
3726	3762
3763	3769
3770	3786
3787	3809
3810	3822
3823	3862
3863	3890
3891	3935
3936	3951
3952	3979
3980	3984
3985	4020
4021	4056
4057	4064
4065	4097
4098	4103
4104	4123
4124	4168
4169	4179
4180	4198
4199	4238
4239	4266
4267	4281
4282	4324
4325	4365
4366	4378
4379	4421
4422	4461
4462	4467
4468	4494
1	8
9	25
26	32
33	67
68	76
77	83
84	103
104	115
116	161
162	187
188	234
235	276
277	323
324	389
390	426
427	458
459	497
498	533
534	545
546	562
563	598
599	634
635	637
638	691
692	714
715	729
730	760
761	807
808	826
827	874
875	883
884	930
931	998
999	1017
1018	1024
1025	1070
1071	1102
1103	1141
1142	1188
1189	1252
1253	1269
1270	1312
1313	1363
1364	1424
1425	1469
1470	1503
1504	1531
1532	1593
1594	1627
1628	1646
1647	1696
1697	1726
1727	1773
1774	1798
1799	1846
1847	1895
1896	1967
1968	1997
1998	2014
2015	2040
2041	2079
2080	2140
2141	2147
2148	2179
2180	2186
2187	2229
2230	2271
2272	2343
2344	2349
2350	2398
2399	2425
2426	2443
2444	2487
2488	2509
2510	2527
2528	2565
2566	2589
2590	2624
2625	2672
2673	2687
2688	2706
2707	2715
2716	2770
2771	2800
2801	2828
2829	2862
2863	2896
2897	2945
2946	2978
2979	3017
3018	3063
3064	3079
3080	3082
3083	3119
3120	3131
3132	3160
3161	3164
3165	3175
3176	3207
3208	3245
3246	3276
3277	3324
3325	3338
3339	3363
3364	3397
3398	3443
3444	3446
3447	3480
3481	3530
3531	3574
3575	3610
3611	3614
3615	3638
3639	3660
3661	3678
3679	3725
3726	3762
3763	3786
3787	3809
3810	3822
3823	3890
3891	3935
3936	3951
3952	4020
4021	4056
4057	4064
4065	4097
4098	4103
4104	4123
4124	4168
4169	4179
4180	4238
4239	4266
4267	4324
4325	4365
4366	4378
4379	4421
4422	4467
4468	4494
1	8
9	25
26	32
33	67
68	76
77	115
116	187
188	234
235	276
277	323
324	389
390	458
459	533
534	562
563	598
599	634
635	637
638	691
692	714
715	729
730	760
761	807
808	826
827	883
884	930
931	998
999	1017
1018	1024
1025	1070
1071	1141
1142	1188
1189	1252
1253	1269
1270	1312
1313	1363
1364	1424
1425	1469
1470	1503
1504	1531
1532	1593
1594	1627
1628	1696
1697	1726
1727	1798
1799	1846
1847	1895
1896	1967
1968	1997
1998	2014
2015	2040
2041	2079
2080	2140
2141	2186
2187	2229
2230	2271
2272	2343
2344	2349
2350	2398
2399	2425
2426	2443
2444	2487
2488	2509
2510	2527
2528	2589
2590	2624
2625	2672
2673	2687
2688	2706
2707	2770
2771	2800
2801	2828
2829	2862
2863	2896
2897	2945
2946	2978
2979	3017
3018	3063
3064	3079
3080	3082
3083	3119
3120	3131
3132	3160
3161	3164
3165	3175
3176	3207
3208	3245
3246	3276
3277	3324
3325	3338
3339	3397
3398	3443
3444	3480
3481	3530
3531	3574
3575	3610
3611	3614
3615	3638
3639	3660
3661	3725
3726	3762
3763	3786
3787	3809
3810	3822
3823	3890
3891	3935
3936	3951
3952	4020
4021	4064
4065	4097
4098	4103
4104	4123
4124	4168
4169	4238
4239	4266
4267	4324
4325	4378
4379	4421
4422	4467
4468	4494
