startbin	endbin
1	34
35	45
46	61
62	74
75	105
106	116
117	164
165	192
193	199
200	212
213	224
225	252
253	277
278	298
299	327
328	371
372	404
405	415
416	450
451	453
454	479
480	489
490	515
516	518
519	534
535	541
542	587
588	619
620	624
625	648
649	669
670	700
701	710
711	739
740	756
757	786
787	798
799	819
820	822
823	829
830	853
854	870
871	918
919	946
947	988
989	992
993	1008
1009	1038
1039	1043
1044	1051
1052	1080
1081	1089
1090	1132
1133	1181
1182	1211
1212	1214
1215	1221
1222	1259
1260	1274
1275	1283
1284	1332
1333	1347
1348	1361
1362	1402
1403	1438
1439	1447
1448	1453
1454	1475
1476	1489
1490	1531
1532	1579
1580	1593
1594	1623
1624	1670
1671	1718
1719	1765
1766	1777
1778	1792
1793	1800
1801	1846
1847	1863
1864	1887
1888	1915
1916	1923
1924	1926
1927	1936
1937	1961
1962	2008
2009	2015
2016	2018
2019	2065
2066	2088
2089	2102
2103	2125
2126	2140
2141	2173
2174	2212
2213	2230
2231	2233
2234	2268
2269	2307
2308	2352
2353	2382
2383	2394
2395	2437
2438	2462
2463	2481
2482	2507
2508	2523
2524	2553
2554	2574
2575	2612
2613	2646
2647	2683
2684	2714
2715	2758
2759	2778
2779	2806
2807	2810
2811	2849
2850	2855
2856	2888
2889	2908
2909	2931
2932	2958
2959	2982
2983	2999
3000	3016
3017	3056
3057	3078
3079	3084
3085	3091
3092	3118
3119	3145
3146	3184
3185	3194
3195	3211
3212	3258
3259	3285
3286	3290
3291	3324
3325	3332
3333	3375
3376	3421
3422	3436
3437	3461
3462	3489
3490	3505
3506	3554
3555	3599
3600	3642
3643	3647
3648	3660
3661	3696
3697	3714
3715	3752
3753	3756
3757	3776
3777	3817
3818	3836
3837	3859
3860	3863
3864	3899
3900	3928
3929	3954
3955	3989
3990	4028
4029	4056
4057	4073
4074	4103
4104	4145
1	34
35	61
62	116
117	164
165	192
193	199
200	212
213	224
225	277
278	298
299	327
328	371
372	404
405	415
416	450
451	489
490	518
519	534
535	587
588	619
620	648
649	669
670	700
701	710
711	739
740	756
757	786
787	798
799	819
820	822
823	853
854	870
871	918
919	946
947	988
989	992
993	1008
1009	1038
1039	1043
1044	1051
1052	1080
1081	1132
1133	1181
1182	1211
1212	1214
1215	1221
1222	1274
1275	1332
1333	1347
1348	1361
1362	1402
1403	1438
1439	1447
1448	1475
1476	1489
1490	1531
1532	1579
1580	1593
1594	1623
1624	1670
1671	1718
1719	1777
1778	1792
1793	1800
1801	1846
1847	1887
1888	1926
1927	1961
1962	2008
2009	2015
2016	2018
2019	2065
2066	2088
2089	2102
2103	2125
2126	2173
2174	2212
2213	2230
2231	2233
2234	2268
2269	2307
2308	2352
2353	2382
2383	2437
2438	2462
2463	2481
2482	2523
2524	2553
2554	2574
2575	2612
2613	2646
2647	2714
2715	2758
2759	2806
2807	2849
2850	2855
2856	2888
2889	2931
2932	2958
2959	2982
2983	2999
3000	3016
3017	3056
3057	3078
3079	3091
3092	3118
3119	3184
3185	3194
3195	3258
3259	3285
3286	3290
3291	3324
3325	3375
3376	3421
3422	3436
3437	3461
3462	3505
3506	3554
3555	3599
3600	3647
3648	3660
3661	3696
3697	3714
3715	3756
3757	3776
3777	3836
3837	3899
3900	3928
3929	3954
3955	3989
3990	4028
4029	4103
4104	4145
1	61
62	116
117	164
165	192
193	199
200	212
213	224
225	277
278	298
299	327
328	371
372	404
405	450
451	489
490	534
535	587
588	619
620	648
649	669
670	700
701	739
740	756
757	798
799	819
820	822
823	853
854	918
919	946
947	992
993	1043
1044	1051
1052	1080
1081	1132
1133	1181
1182	1211
1212	1221
1222	1274
1275	1332
1333	1361
1362	1402
1403	1438
1439	1475
1476	1489
1490	1531
1532	1579
1580	1593
1594	1623
1624	1670
1671	1718
1719	1777
1778	1792
1793	1800
1801	1846
1847	1887
1888	1926
1927	1961
1962	2018
2019	2065
2066	2088
2089	2102
2103	2173
2174	2212
2213	2230
2231	2233
2234	2307
2308	2352
2353	2382
2383	2437
2438	2462
2463	2481
2482	2523
2524	2553
2554	2574
2575	2612
2613	2646
2647	2714
2715	2758
2759	2806
2807	2849
2850	2855
2856	2888
2889	2931
2932	2958
2959	2999
3000	3016
3017	3056
3057	3078
3079	3091
3092	3118
3119	3184
3185	3258
3259	3285
3286	3290
3291	3324
3325	3375
3376	3436
3437	3461
3462	3505
3506	3554
3555	3599
3600	3647
3648	3660
3661	3696
3697	3714
3715	3756
3757	3776
3777	3836
3837	3899
3900	3954
3955	4028
4029	4103
4104	4145
