startbin	endbin
1	49
50	76
77	98
99	142
143	172
173	175
176	200
201	218
219	221
222	229
230	255
256	304
305	328
329	361
362	395
396	430
431	472
473	482
483	505
506	533
534	557
558	561
562	599
600	646
647	669
670	685
686	717
718	730
731	766
767	776
777	789
790	803
804	830
831	876
877	882
883	897
898	910
911	933
934	971
972	977
978	1024
1025	1036
1037	1080
1081	1101
1102	1135
1136	1169
1170	1198
1199	1236
1237	1246
1247	1254
1255	1301
1302	1306
1307	1319
1320	1359
1360	1388
1389	1433
1434	1471
1472	1507
1508	1544
1545	1582
1583	1609
1610	1620
1621	1668
1669	1690
1691	1722
1723	1725
1726	1758
1759	1780
1781	1820
1821	1845
1846	1875
1876	1884
1885	1905
1906	1950
1951	1980
1981	2007
2008	2045
2046	2053
2054	2095
2096	2118
2119	2165
2166	2182
2183	2227
2228	2234
2235	2239
2240	2279
2280	2322
2323	2339
2340	2342
2343	2381
2382	2417
2418	2429
2430	2450
2451	2491
2492	2505
2506	2538
2539	2543
2544	2570
2571	2576
2577	2624
2625	2657
2658	2699
2700	2709
2710	2742
2743	2753
2754	2795
2796	2798
2799	2837
2838	2869
2870	2899
2900	2940
2941	2959
2960	2980
2981	2984
2985	2990
2991	2999
3000	3037
3038	3086
3087	3103
3104	3150
3151	3158
3159	3205
3206	3254
3255	3302
3303	3334
3335	3379
3380	3417
3418	3463
3464	3507
3508	3530
3531	3547
3548	3562
3563	3606
3607	3617
3618	3634
3635	3657
3658	3703
3704	3714
3715	3738
3739	3765
3766	3798
3799	3837
3838	3850
3851	3868
3869	3876
3877	3908
3909	3929
3930	3974
3975	3979
3980	4028
4029	4066
4067	4104
4105	4116
4117	4160
4161	4203
4204	4238
4239	4266
4267	4314
4315	4356
4357	4392
4393	4420
4421	4446
4447	4464
4465	4493
4494	4530
4531	4568
4569	4600
4601	4604
4605	4617
4618	4652
4653	4677
1	49
50	76
77	98
99	142
143	172
173	175
176	200
201	218
219	221
222	255
256	304
305	328
329	361
362	395
396	430
431	472
473	482
483	505
506	557
558	561
562	599
600	669
670	717
718	730
731	766
767	776
777	789
790	830
831	882
883	933
934	977
978	1036
1037	1101
1102	1135
1136	1169
1170	1236
1237	1246
1247	1254
1255	1301
1302	1306
1307	1319
1320	1359
1360	1388
1389	1433
1434	1471
1472	1544
1545	1582
1583	1609
1610	1620
1621	1668
1669	1690
1691	1722
1723	1725
1726	1758
1759	1780
1781	1820
1821	1845
1846	1875
1876	1884
1885	1905
1906	1950
1951	1980
1981	2007
2008	2053
2054	2095
2096	2118
2119	2165
2166	2182
2183	2234
2235	2279
2280	2339
2340	2342
2343	2381
2382	2417
2418	2429
2430	2491
2492	2505
2506	2538
2539	2543
2544	2570
2571	2576
2577	2624
2625	2657
2658	2699
2700	2753
2754	2795
2796	2837
2838	2899
2900	2959
2960	2984
2985	2990
2991	2999
3000	3037
3038	3086
3087	3103
3104	3150
3151	3205
3206	3254
3255	3302
3303	3334
3335	3379
3380	3417
3418	3463
3464	3507
3508	3530
3531	3562
3563	3606
3607	3634
3635	3703
3704	3714
3715	3738
3739	3798
3799	3837
3838	3850
3851	3868
3869	3929
3930	3979
3980	4028
4029	4066
4067	4104
4105	4116
4117	4160
4161	4203
4204	4238
4239	4266
4267	4314
4315	4356
4357	4392
4393	4446
4447	4464
4465	4493
4494	4568
4569	4600
4601	4604
4605	4652
4653	4677
1	49
50	76
77	98
99	142
143	175
176	200
201	218
219	221
222	255
256	304
305	328
329	361
362	430
431	472
473	505
506	557
558	561
562	599
600	669
670	717
718	730
731	776
777	789
790	830
831	882
883	933
934	977
978	1036
1037	1101
1102	1135
1136	1169
1170	1236
1237	1246
1247	1254
1255	1306
1307	1319
1320	1359
1360	1388
1389	1433
1434	1471
1472	1544
1545	1609
1610	1620
1621	1668
1669	1690
1691	1722
1723	1725
1726	1758
1759	1780
1781	1845
1846	1875
1876	1905
1906	1950
1951	1980
1981	2007
2008	2053
2054	2095
2096	2118
2119	2165
2166	2182
2183	2234
2235	2279
2280	2342
2343	2417
2418	2429
2430	2491
2492	2505
2506	2538
2539	2570
2571	2576
2577	2624
2625	2657
2658	2699
2700	2753
2754	2795
2796	2837
2838	2899
2900	2959
2960	2984
2985	2999
3000	3037
3038	3086
3087	3103
3104	3150
3151	3205
3206	3254
3255	3302
3303	3334
3335	3379
3380	3417
3418	3463
3464	3507
3508	3530
3531	3562
3563	3606
3607	3634
3635	3703
3704	3738
3739	3798
3799	3837
3838	3850
3851	3868
3869	3929
3930	3979
3980	4028
4029	4066
4067	4104
4105	4160
4161	4203
4204	4266
4267	4314
4315	4356
4357	4392
4393	4446
4447	4464
4465	4493
4494	4568
4569	4604
4605	4652
4653	4677
